[-0.3673469387755102]
[1.0, 0.040816326530612235]
[0.3877551020408163, -0.2857142857142857, -0.20408163265306123]
[1.0, 1.0, 0.9591836734693877, 0.14285714285714285]
[0.8367346938775511, 1.0, 0.8775510204081634, 1.0, 0.42857142857142855]
[1.0, 1.0, 0.9387755102040816, 0.9387755102040816, 0.30612244897959184, -0.6122448979591837]
[1.0, 1.0, 0.9591836734693877, 0.8163265306122449, 0.8775510204081632, 1.0, -0.40816326530612246]
[0.8571428571428572, 0.46938775510204084, 0.8979591836734694, -0.0816326530612245, 0.9795918367346939, 0.9795918367346939, 1.0, -0.3469387755102041]
[1.0, 1.0, 0.6938775510204082, 0.5510204081632653, -0.06122448979591838, 0.9795918367346939, 1.0, 1.0, 0.346938775510204]
[1.0, -0.8571428571428572, 0.4897959183673469, 0.673469387755102, 1.0, 1.0, 1.0, 1.0, 0.9795918367346939, 0.7142857142857143]
[1.0, -0.7142857142857143, 0.7959183673469388, 0.673469387755102, 0.8979591836734694, 1.0, 1.0, 0.9795918367346939, 0.8571428571428572, 1.0, 0.5714285714285714]
[0.8979591836734694, -0.6734693877551021, 0.4693877551020408, 0.653061224489796, 0.30612244897959184, 0.9591836734693877, 0.9795918367346939, 0.9795918367346939, 0.9795918367346939, 0.9591836734693877, 1.0, -0.14285714285714285]
[1.0, 0.14285714285714285, 0.7959183673469388, 0.9387755102040816, 0.5714285714285714, 0.9591836734693877, 0.9795918367346939, 1.0, 0.10204081632653061, 0.9795918367346939, 0.0816326530612245, 0.8163265306122449, -0.24489795918367346]
[1.0, 0.7551020408163265, 0.6938775510204082, 0.7346938775510203, -0.2040816326530612, -0.14285714285714285, -0.5510204081632653, 0.9591836734693877, -0.8571428571428572, -0.3877551020408163, -0.1020408163265306, 0.4897959183673469, 1.0, 0.7755102040816326]
[1.0, -0.5102040816326531, 0.24489795918367346, 0.22448979591836735, -0.5714285714285714, 0.020408163265306117, -0.6122448979591837, 0.9795918367346939, -0.8775510204081634, -0.32653061224489793, -0.30612244897959184, 0.7755102040816326, 1.0, 1.0, 0.5306122448979592]
[0.9183673469387754, -0.7755102040816326, 0.020408163265306145, 0.8775510204081632, -0.673469387755102, 0.30612244897959184, -0.04081632653061224, 1.0, 0.1836734693877551, -0.8775510204081632, 0.8367346938775511, 0.6530612244897959, 1.0, 1.0, 0.9795918367346939, 0.1224489795918367]
[-0.7959183673469388, 0.08163265306122447, 0.7551020408163265, 1.0, -0.8367346938775511, -0.6122448979591837, -0.7551020408163265, 0.8775510204081632, 0.9387755102040816, -0.8571428571428572, 1.0, 0.9387755102040816, 1.0, 1.0, 1.0, 0.9591836734693877, -0.2653061224489796]
[1.0, 0.020408163265306117, -0.8367346938775511, 1.0, 1.0, 1.0, 1.0, 0.4897959183673469, 1.0, 0.2857142857142857, -0.18367346938775508, -0.6530612244897959, 0.8979591836734694, 0.06122448979591838, -0.9183673469387755, -0.7142857142857142, 0.4897959183673469, -0.5510204081632654]
[0.9795918367346939, 0.8979591836734694, -0.22448979591836735, 1.0, 1.0, 1.0, 1.0, -0.7959183673469388, 1.0, -0.9387755102040816, 0.9795918367346939, 0.8775510204081634, -0.8367346938775511, -0.8367346938775511, -0.8979591836734694, 0.5918367346938775, 1.0, 0.9591836734693877, -0.8979591836734694]
[1.0, 0.9387755102040816, -0.3469387755102041, 1.0, 1.0, 0.9183673469387755, 0.9795918367346939, 0.8979591836734694, 1.0, 1.0, 1.0, -0.6122448979591837, 0.5510204081632653, -0.42857142857142855, -0.24489795918367346, 1.0, -0.7142857142857142, 0.9387755102040816, -0.9183673469387755, 0.5306122448979591]
[0.8979591836734694, -0.3877551020408163, -0.8979591836734694, 0.6938775510204082, 0.8163265306122449, 1.0, 0.8163265306122449, -0.4285714285714286, 0.22448979591836732, -0.9183673469387755, -0.7551020408163265, 0.14285714285714285, -0.4897959183673469, -0.7346938775510203, 0.14285714285714285, -0.6122448979591837, 0.4285714285714286, 0.8367346938775511, 1.0, 1.0, 0.46938775510204084]
[-0.8775510204081632, -0.9183673469387755, -0.9591836734693877, 0.8571428571428572, 0.9795918367346939, 1.0, 0.7551020408163265, -0.8979591836734694, 0.7346938775510203, -0.9183673469387755, -0.7959183673469388, 0.5306122448979592, 0.7551020408163265, 1.0, 1.0, 0.22448979591836737, 1.0, 0.6938775510204082, 1.0, 1.0, 0.8979591836734694, -0.6938775510204082]
[0.02040816326530613, 0.46938775510204084, -0.8367346938775511, 1.0, 0.16326530612244894, 0.7959183673469388, 0.7551020408163265, 0.7959183673469388, 1.0, -0.6734693877551021, 0.8163265306122449, 0.9387755102040816, 1.0, 1.0, 0.9795918367346939, 1.0, 0.9795918367346939, -0.8367346938775511, 0.8571428571428571, 1.0, -0.8367346938775511, -0.9795918367346939, 0.10204081632653061]
[-0.2857142857142857, -0.8979591836734694, -0.7755102040816326, 0.9183673469387755, 1.0, 1.0, 1.0, -0.3469387755102041, 1.0, -0.8979591836734694, 1.0, -0.22448979591836735, 0.2653061224489796, 1.0, 0.4285714285714286, 0.8163265306122449, 0.9795918367346939, 1.0, 1.0, 1.0, 0.5510204081632654, 0.4285714285714286, 1.0, -0.9387755102040816]
[1.0, -0.8979591836734694, 0.7755102040816326, -0.22448979591836737, 0.6530612244897959, -0.06122448979591838, -0.32653061224489793, 0.3673469387755102, -0.7346938775510203, -0.20408163265306123, 0.5306122448979592, -0.653061224489796, -0.1836734693877551, -0.8979591836734694, -0.9795918367346939, -0.9591836734693877, -0.8979591836734694, -0.8163265306122449, -0.2857142857142857, 0.9387755102040816, 1.0, 1.0, 0.6326530612244898, 0.9795918367346939, -0.4897959183673469]
[1.0, -0.6122448979591837, 0.9795918367346939, -0.7142857142857143, -0.5510204081632653, -0.7959183673469388, -0.8367346938775511, -0.5918367346938775, -0.6326530612244898, 0.5510204081632653, 0.5102040816326531, 1.0, 0.9591836734693877, -0.08163265306122452, -0.9387755102040816, -0.8979591836734694, -0.9183673469387754, -0.8775510204081634, -0.8571428571428572, 0.06122448979591838, 0.9795918367346939, 0.326530612244898, -0.5306122448979591, 0.9387755102040816, 0.9795918367346939, -0.6122448979591837]
[0.8571428571428572, -0.6122448979591837, 0.7346938775510204, -0.6326530612244898, 0.4285714285714286, -0.3469387755102041, -0.8163265306122449, -0.7755102040816326, -0.653061224489796, -0.3673469387755102, -0.10204081632653061, 0.9795918367346939, 1.0, 0.24489795918367346, -0.6530612244897959, -0.8163265306122449, -0.8979591836734694, -0.653061224489796, 0.7346938775510203, 0.8367346938775511, 1.0, 0.44897959183673464, -0.7142857142857143, 0.9387755102040816, 0.9591836734693877, -0.4897959183673469, -0.8775510204081634]
[0.14285714285714285, -0.8979591836734694, -0.5306122448979592, 0.8367346938775511, 1.0, 1.0, 1.0, -0.8979591836734694, 0.8571428571428572, 0.9795918367346939, 0.9795918367346939, -0.18367346938775508, 0.4489795918367347, -0.7142857142857143, -0.9183673469387754, -0.2857142857142857, 0.08163265306122448, 0.9795918367346939, 0.9795918367346939, 0.9795918367346939, 1.0, -0.8367346938775511, -0.8775510204081632, 0.6326530612244898, 0.40816326530612246, -0.9183673469387755, -0.9183673469387755, -0.7959183673469388]
[-0.6938775510204082, 0.8571428571428572, -0.6734693877551021, -0.30612244897959184, 0.08163265306122447, -0.14285714285714285, -0.8775510204081632, 0.02040816326530613, -0.8979591836734694, -0.4897959183673469, 0.7346938775510204, 1.0, 0.5918367346938775, 0.9387755102040816, 0.6938775510204082, -0.9387755102040816, -0.8571428571428572, -0.8367346938775511, -0.040816326530612235, 0.7346938775510203, 0.9795918367346939, 0.4285714285714286, -1.0, 0.9387755102040816, 1.0, 0.9795918367346939, -0.8979591836734694, 0.22448979591836737, 0.7551020408163265]
[0.9591836734693877, 0.12244897959183673, -0.8571428571428572, 0.8979591836734694, 1.0, 0.9795918367346939, -0.30612244897959184, 0.9591836734693877, 0.7551020408163265, 1.0, 0.9387755102040816, 1.0, 1.0, 0.9387755102040816, -0.6326530612244898, -0.326530612244898, -0.9795918367346939, 0.20408163265306123, 0.9795918367346939, 0.7755102040816326, 0.4897959183673469, -0.8775510204081632, -0.8367346938775511, 0.7959183673469388, 0.7346938775510203, 0.9795918367346939, -0.8367346938775511, 0.14285714285714285, 1.0, 0.9387755102040816]
[-0.9183673469387755, -0.8775510204081632, -0.42857142857142855, 0.8163265306122449, 1.0, 1.0, -0.16326530612244897, -0.9183673469387755, 0.9387755102040816, -0.8979591836734694, -0.42857142857142855, 0.6326530612244898, 1.0, 0.20408163265306123, -0.9795918367346939, -0.8367346938775511, -0.9795918367346939, 0.2857142857142857, 0.9795918367346939, 0.9591836734693877, 1.0, -0.8571428571428572, 0.2653061224489796, 0.7755102040816326, 0.9591836734693877, -0.6326530612244898, -0.9183673469387755, 0.0, -0.6938775510204082, 0.6122448979591837, -0.9183673469387754]
[-0.8163265306122449, -0.0816326530612245, -0.8571428571428572, 0.9183673469387755, 1.0, 1.0, -0.24489795918367346, 0.061224489795918366, 0.7142857142857142, -0.7755102040816326, 0.04081632653061226, 0.9387755102040816, 1.0, 0.9183673469387755, 0.20408163265306123, 0.9591836734693877, 0.04081632653061225, 0.26530612244897955, 0.9795918367346939, 0.7755102040816326, 0.20408163265306123, -0.8163265306122449, -0.5306122448979592, 0.8163265306122449, 0.9387755102040816, 0.8163265306122449, -0.7755102040816326, 0.4489795918367347, 0.9795918367346939, 0.8367346938775511, -0.30612244897959184, 0.7755102040816326]
[-0.7755102040816326, 0.9795918367346939, -0.46938775510204084, 1.0, 1.0, 1.0, 1.0, 0.8775510204081634, 0.9795918367346939, 0.2857142857142857, -0.26530612244897955, 0.8571428571428571, 0.9591836734693877, 0.9795918367346939, 0.9795918367346939, 0.8367346938775511, -0.5714285714285714, 0.9387755102040816, 0.9387755102040816, 0.40816326530612246, 0.6122448979591837, -0.7551020408163265, 0.7551020408163265, -0.8979591836734694, 0.673469387755102, 0.5714285714285714, 0.6530612244897959, 0.8163265306122449, 0.9795918367346939, 1.0, 0.7959183673469388, 0.9183673469387755, 0.0]
[-0.4897959183673469, 0.9183673469387755, -0.7142857142857143, 0.9183673469387755, 0.9387755102040816, -0.4285714285714286, 0.5102040816326531, 0.9387755102040816, 0.653061224489796, 0.9591836734693877, 1.0, -0.653061224489796, -0.24489795918367346, 0.7346938775510203, 1.0, 0.7959183673469388, 0.2857142857142857, 0.8775510204081632, 0.42857142857142855, -0.30612244897959184, 0.9591836734693877, 0.9591836734693877, 0.8775510204081634, -0.5714285714285714, -0.7755102040816326, 0.8979591836734694, 0.9591836734693877, 1.0, 1.0, 0.9795918367346939, 1.0, 0.9795918367346939, 0.9591836734693877, -0.08163265306122448]
[0.5510204081632653, 0.9591836734693877, -0.8367346938775511, 0.36734693877551017, 1.0, 0.9795918367346939, 0.18367346938775508, 0.9795918367346939, 0.6122448979591837, 0.30612244897959184, 0.8979591836734694, -0.7959183673469388, 0.9183673469387755, 1.0, 1.0, 0.9183673469387754, -0.5918367346938775, 0.8367346938775511, 0.5714285714285714, 0.4285714285714286, 0.9591836734693877, -0.7551020408163265, 0.8979591836734694, 0.06122448979591837, -0.06122448979591838, -0.10204081632653061, 0.061224489795918366, 0.9183673469387754, 0.9591836734693877, 1.0, 0.7142857142857142, 1.0, 0.9591836734693877, 0.6938775510204082, 0.673469387755102]
[-0.44897959183673464, 0.8775510204081634, 0.5510204081632653, 0.9387755102040816, 0.9795918367346939, 0.40816326530612246, 0.6938775510204082, 0.44897959183673475, 0.9591836734693877, -0.30612244897959184, 0.4897959183673469, 1.0, 0.2653061224489796, 0.653061224489796, 0.8775510204081634, 0.7755102040816326, 0.10204081632653061, 0.7755102040816326, 0.6938775510204082, 0.8775510204081634, 0.9795918367346939, 0.9795918367346939, 0.9591836734693877, 0.9387755102040816, 0.6326530612244898, 1.0, 0.9387755102040816, 0.7755102040816326, 0.9795918367346939, 0.9795918367346939, 0.9795918367346939, 0.9795918367346939, 0.6938775510204082, 0.1836734693877551, 0.06122448979591838, -0.4693877551020408]
[1.0, -0.8571428571428572, -1.0, 0.20408163265306123, 0.12244897959183673, 0.8979591836734694, -0.18367346938775508, 0.46938775510204084, -0.3469387755102041, -0.8979591836734694, -0.8367346938775511, -0.9591836734693877, -0.8571428571428572, -0.9591836734693877, -1.0, -0.7346938775510203, -0.9795918367346939, 0.22448979591836737, 0.9591836734693877, 1.0, 0.9591836734693877, -0.8775510204081632, -0.9387755102040816, -0.2857142857142857, -0.8367346938775511, -0.9387755102040816, -0.9591836734693877, -0.9183673469387755, -0.8367346938775511, -0.8979591836734694, -0.8775510204081634, -0.8775510204081632, -0.8775510204081632, 0.8571428571428572, -0.22448979591836735, 0.9591836734693877, -0.3469387755102041]
[1.0, -0.8775510204081632, -0.14285714285714282, -0.5510204081632653, -0.3877551020408163, -0.4081632653061224, -0.8367346938775511, -0.7755102040816326, -0.7959183673469388, 0.4897959183673469, 0.3877551020408163, 0.8775510204081634, 0.9387755102040816, -0.673469387755102, -0.5714285714285714, -0.9183673469387755, -0.9795918367346939, -0.9183673469387755, 0.24489795918367344, 1.0, 1.0, -0.8367346938775511, -0.9591836734693877, 0.7346938775510203, 0.18367346938775508, -0.8775510204081632, -0.9591836734693877, -0.8979591836734694, -0.7551020408163265, -0.40816326530612246, -0.8979591836734694, 0.673469387755102, -0.7755102040816326, -0.7959183673469388, -0.6938775510204082, 0.9183673469387755, 0.9183673469387754, -0.22448979591836735]
[0.7959183673469388, -0.8571428571428572, -0.6326530612244898, 0.10204081632653061, 0.5918367346938775, -0.10204081632653059, -0.24489795918367346, -0.7959183673469388, -0.7142857142857143, -0.2857142857142857, 0.9387755102040816, -0.16326530612244897, 0.4897959183673469, -0.7551020408163265, -0.8775510204081632, -0.7959183673469388, -0.9591836734693877, -0.8571428571428572, 0.2040816326530612, 1.0, 1.0, 0.8367346938775511, -0.5714285714285714, 0.9591836734693877, -0.3469387755102041, -0.9183673469387755, -0.9387755102040816, -0.9183673469387755, -0.8979591836734694, -0.8367346938775511, -0.8775510204081634, -0.9387755102040816, -0.7959183673469388, -0.9183673469387754, -0.38775510204081637, 0.7551020408163265, 0.8571428571428572, -0.3673469387755102, 0.5102040816326531]
[1.0, 1.0, 0.9591836734693877, 0.30612244897959184, 0.8979591836734694, 0.9183673469387754, 0.6326530612244898, 0.9591836734693877, 0.346938775510204, 0.5306122448979592, 0.3469387755102041, 0.8571428571428572, 0.6122448979591837, 0.5714285714285714, 0.9387755102040816, -0.6122448979591837, -0.5918367346938775, -0.7959183673469388, 0.08163265306122448, 0.8979591836734694, 0.7959183673469388, -0.20408163265306123, -0.163265306122449, -0.12244897959183673, 0.7959183673469388, 0.9387755102040816, 0.4693877551020408, -0.6122448979591837, -0.22448979591836735, -0.8775510204081632, -0.7142857142857143, -0.673469387755102, -0.5714285714285714, 0.7346938775510203, -0.7346938775510204, 0.8979591836734694, -0.653061224489796, -0.9183673469387754, -0.9183673469387755, -0.20408163265306123]
[1.0, 0.6530612244897959, 0.8571428571428572, -0.326530612244898, 0.8163265306122449, 0.7346938775510203, -0.8367346938775511, -0.22448979591836735, -0.8163265306122449, 0.18367346938775508, 0.4693877551020408, 0.7346938775510203, 1.0, 0.24489795918367346, 0.346938775510204, -0.7346938775510203, -1.0, -0.8367346938775511, -0.24489795918367346, 1.0, 1.0, -0.8775510204081632, -0.8163265306122449, -0.9591836734693877, 0.16326530612244897, -0.6734693877551021, -0.9387755102040816, -0.9183673469387755, -0.3877551020408163, 0.30612244897959184, -0.8571428571428572, -0.8979591836734694, -0.3673469387755102, 0.8571428571428572, -0.4489795918367347, 0.8367346938775511, 0.6122448979591837, -0.9183673469387755, -0.5306122448979592, 0.9795918367346939, 0.36734693877551017]
[1.0, 1.0, 0.2653061224489796, 0.7755102040816326, 0.8367346938775511, 0.7142857142857142, -0.7959183673469388, 0.8775510204081634, -0.673469387755102, 0.9795918367346939, 0.6734693877551021, 0.8775510204081632, 0.7755102040816326, 0.8775510204081634, 1.0, -0.4897959183673469, -0.8979591836734694, -0.7959183673469388, -0.163265306122449, 0.04081632653061225, 0.8571428571428571, -0.5306122448979591, -0.673469387755102, -0.8571428571428572, 0.9183673469387754, 0.9591836734693877, 0.6122448979591837, 1.0, 0.9591836734693877, 0.10204081632653061, -0.163265306122449, 0.7755102040816326, 0.7755102040816326, -0.8775510204081632, -0.3469387755102041, 0.14285714285714285, 1.0, -0.020408163265306145, 0.9183673469387755, -0.5510204081632653, -0.5510204081632654, -0.6122448979591837]
[1.0, 0.3877551020408163, -0.1836734693877551, -0.24489795918367346, -0.6122448979591837, -0.7142857142857142, -0.8571428571428572, -0.7142857142857143, -0.8163265306122449, -0.6938775510204082, -0.653061224489796, 0.06122448979591835, 0.10204081632653059, 0.6734693877551021, 0.7755102040816326, -0.8571428571428572, -0.8775510204081632, -0.8775510204081634, -0.30612244897959184, 1.0, 0.9183673469387755, 0.4285714285714286, -0.8163265306122449, -0.5306122448979592, -0.3673469387755102, 0.6326530612244898, -0.8979591836734694, 0.653061224489796, 0.040816326530612235, 0.5714285714285714, -0.24489795918367346, 0.9183673469387755, 0.24489795918367344, 0.30612244897959184, -0.22448979591836732, 0.163265306122449, 1.0, -0.02040816326530609, 0.9591836734693877, -0.061224489795918366, 0.346938775510204, 0.9591836734693877, 0.020408163265306117]
